 1.00000000000000000 0.000000000000000000E+00
 0.500000000000000000 0.000000000000000000E+00
 -0.866025403784438597 0.433012701892219298
 -0.125000000000000000 0.000000000000000000E+00
 -1.29903810567665801 0.216506350946109649
 2.25000000000000000 0.937500000000000000E-01
 -0.437500000000000000 0.000000000000000000E+00
 -0.324759526419164501 0.270632938682637061E-01
 5.62500000000000089 0.468750000000000069E-01
 -9.74278579257493504 0.135316469341318548E-01
 -0.289062500000000000 0.000000000000000000E+00
 1.35316469341318557 -0.676582346706592758E-01
 4.21875000000000000 0.117187500000000000E-01
 -34.0997502740122798 0.676582346706592827E-02
 59.0625000000000000 0.146484375000000000E-02
 0.898437500000000000E-01 0.000000000000000000E+00
 1.92825968811378923 -0.642753229371263030E-01
 -4.92187500000000000 -0.585937500000000087E-02
 -42.6246878425153426 0.211431983345810237E-02
 265.781250000000057 0.732421875000000217E-03
 -460.346628699165706 0.126859190007486117E-03
 0.323242187500000000 0.000000000000000000E+00
 0.497288024829345643 -0.118401910673653719E-01
 -14.1503906250000018 -0.842285156250000173E-02
 12.7874063527545978 -0.211431983345810150E-03
 465.117187500000057 0.256347656250000011E-03
 -2531.90645784541175 0.634295950037430857E-04
 4385.39062500000000 0.915527343750000136E-05
 0.223144531250000000 0.000000000000000000E+00
 -1.71090760923429630 0.305519215934695748E-01
 -10.5205078125000000 -0.347900390625000000E-02
 116.685082968885766 -0.771726739212207427E-03
 121.816406250000099 0.183105468750000163E-04
 -5696.78953015217667 0.237860981264036554E-04
 28505.0390625000109 0.147537524211855436E-04
 -49372.1759279855105 0.386038219930609619E-04
 -0.736389160156250000E-01 0.000000000000000000E+00
 -2.40144446684171253 0.333533953728015614E-01
 8.07495117187500000 0.160217285156250000E-02
 149.452811747819425 -0.449292964609846759E-03
 -1050.66650390625023 -0.526428222656250163E-04
 -4114.34799399879557 0.127771243978928518E-04
 78388.8574218750146 0.122583598606931820E-03
 -370291.319459891587 0.184747527330568208E-03
 641363.378906249767 0.320011396142855209E-03
 -0.267898559570312500 0.000000000000000000E+00
 -0.626763685630736145 0.696404095145262449E-02
 24.8345947265625036 0.313568115234375043E-02
 -2.19783546687968290 0.330362473977826284E-05
 -2078.49243164062545 -0.129095333685373464E-03
 9771.57648574713676 -0.183368154467039660E-03
 89078.2470703125582 0.266660086591053282E-03
 -1203446.78824464721 0.120093132709436583E-02
 5451588.72070312873 -0.188948648142449223E-01
 -9442428.64622722380 -0.105098859836960136E-01
